BEG
0.00000000 1.59097024 1.59213418
-0.00848528 1.59094973 1.59211131
-0.01697056 1.58994331 1.59119049
-0.02545584 1.58947519 1.59067604
-0.03394113 1.58966174 1.59081687
-0.04242641 1.58935766 1.59039880
-0.05091169 1.58779241 1.58893961
-0.05939697 1.58655242 1.58757928
-0.06788225 1.58593877 1.58695147
-0.07636753 1.58534150 1.58616662
-0.08485281 1.58352440 1.58444871
-0.09333810 1.58175122 1.58254370
-0.10182338 1.58049795 1.58128852
-0.11030866 1.57963714 1.58023782
-0.11879394 1.57794849 1.57860017
-0.12727922 1.57609134 1.57665752
-0.13576450 1.57459431 1.57513948
-0.14424978 1.57362078 1.57403706
-0.15273506 1.57240418 1.57279461
-0.16122035 1.57096485 1.57132090
-0.16970563 1.56973056 1.57002781
-0.17819091 1.56889911 1.56913353
-0.18667619 1.56818873 1.56834951
-0.19516147 1.56726224 1.56738469
-0.20364675 1.56638480 1.56640822
-0.21213203 1.56576112 1.56568984
-0.22061732 1.56505357 1.56494421
-0.22910260 1.56387190 1.56377211
-0.23758788 1.56251220 1.56236698
-0.24607316 1.56130201 1.56115641
-0.25455844 1.56022253 1.56004820
-0.26304372 1.55850352 1.55857534
-0.27152900 1.55660737 1.55674385
-0.28001429 1.55471912 1.55513836
-0.28849957 1.55389388 1.55422248
-0.29698485 1.55338911 1.55369195
-0.30547013 1.55281546 1.55308983
-0.31395541 1.55225254 1.55252393
-0.32244069 1.55213422 1.55238345
-0.33092597 1.55251807 1.55262441
-0.33941125 1.55276550 1.55282554
-0.34789654 1.55293429 1.55294026
0.00848528 1.59002196 1.59126840
0.01697056 1.58961622 1.59081891
0.02545584 1.58986062 1.59101631
0.03394113 1.58959554 1.59064204
0.04242641 1.58807719 1.58923015
0.05091169 1.58689190 1.58792936
0.05939697 1.58633223 1.58736064
0.06788225 1.58577256 1.58661930
0.07636753 1.58398450 1.58493323
0.08485281 1.58224957 1.58306997
0.09333810 1.58104353 1.58187113
0.10182338 1.58021690 1.58086028
0.11030866 1.57853314 1.57922893
0.11879394 1.57668844 1.57729683
0.12727922 1.57522290 1.57582018
0.13576450 1.57427619 1.57474801
0.14424978 1.57303862 1.57348292
0.15273506 1.57157719 1.57197844
0.16122035 1.57034351 1.57069068
0.16970563 1.56951668 1.56979943
0.17819091 1.56876245 1.56896652
0.18667619 1.56777780 1.56793424
0.19516147 1.56686566 1.56692227
0.20364675 1.56621916 1.56617821
0.21213203 1.56546246 1.56537654
0.22061732 1.56421485 1.56413485
0.22910260 1.56281579 1.56268430
0.23758788 1.56158544 1.56144859
0.24607316 1.56047561 1.56030462
0.25455844 1.55871200 1.55878491
0.26304372 1.55678339 1.55691558
0.27152900 1.55488054 1.55528993
0.28001429 1.55404108 1.55435946
0.28849957 1.55350572 1.55380436
0.29698485 1.55289551 1.55316591
0.30547013 1.55229392 1.55256904
0.31395541 1.55216345 1.55241712
0.32244069 1.55254676 1.55265455
0.33092597 1.55278858 1.55284992
0.33941125 1.55294860 1.55295936
END
BEG
0.00000000 1.70058316 1.70047345
-0.00848528 1.70058563 1.70047619
-0.01697056 1.69956815 1.69954875
-0.02545584 1.69853103 1.69846929
-0.03394113 1.69767131 1.69763536
-0.04242641 1.69655673 1.69637077
-0.05091169 1.69384075 1.69383613
-0.05939697 1.69074754 1.69063087
-0.06788225 1.68788371 1.68790452
-0.07636753 1.68556365 1.68531650
-0.08485281 1.68132133 1.68127363
-0.09333810 1.67609476 1.67591023
-0.10182338 1.67108956 1.67106617
-0.11030866 1.66732917 1.66693565
-0.11879394 1.66160535 1.66145273
-0.12727922 1.65421543 1.65410990
-0.13576450 1.64694350 1.64710919
-0.14424978 1.64160233 1.64165683
-0.15273506 1.63590791 1.63590565
-0.16122035 1.62824689 1.62843577
-0.16970563 1.62069914 1.62100335
-0.17819091 1.61506686 1.61547096
-0.18667619 1.61037712 1.61055458
-0.19516147 1.60401350 1.60444515
-0.20364675 1.59772579 1.59814692
-0.21213203 1.59291839 1.59357953
-0.22061732 1.58976838 1.59015593
-0.22910260 1.58568840 1.58626196
-0.23758788 1.58177212 1.58222892
-0.24607316 1.57880858 1.57942080
-0.25455844 1.57720261 1.57761511
-0.26304372 1.57523748 1.57555943
-0.27152900 1.57305133 1.57321919
-0.28001429 1.57112978 1.57132297
-0.28849957 1.56985423 1.56990812
-0.29698485 1.56814523 1.56831257
-0.30547013 1.56632167 1.56645609
-0.31395541 1.56454763 1.56484188
-0.32244069 1.56357772 1.56379861
-0.33092597 1.56275187 1.56302016
-0.33941125 1.56178662 1.56209969
-0.34789654 1.56070380 1.56117366
0.00848528 1.69955782 1.69953827
0.01697056 1.69851177 1.69844900
0.02545584 1.69764334 1.69760721
0.03394113 1.69652174 1.69633499
0.04242641 1.69379349 1.69378752
0.05091169 1.69067954 1.69055862
0.05939697 1.68779026 1.68780434
0.06788225 1.68544994 1.68519237
0.07636753 1.68117878 1.68112059
0.08485281 1.67589603 1.67569844
0.09333810 1.67080100 1.67077291
0.10182338 1.66698114 1.66658785
0.11030866 1.66126578 1.66110788
0.11879394 1.65388676 1.65378135
0.12727922 1.64661962 1.64678097
0.13576450 1.64128140 1.64132820
0.14424978 1.63559696 1.63558605
0.15273506 1.62795546 1.62813798
0.16122035 1.62044044 1.62073654
0.16970563 1.61483449 1.61522862
0.17819091 1.61014766 1.61031622
0.18667619 1.60379363 1.60422180
0.19516147 1.59754622 1.59796519
0.20364675 1.59277778 1.59343322
0.21213203 1.58963570 1.59001944
0.22061732 1.58556866 1.58614389
0.22910260 1.58170288 1.58216144
0.23758788 1.57881410 1.57942674
0.24607316 1.57725071 1.57767472
0.25455844 1.57530881 1.57563975
0.26304372 1.57313342 1.57330853
0.27152900 1.57121503 1.57141764
0.28001429 1.56993855 1.56999956
0.28849957 1.56823307 1.56840284
0.29698485 1.56640848 1.56654549
0.30547013 1.56462468 1.56492281
0.31395541 1.56364579 1.56386914
0.32244069 1.56281123 1.56308232
0.33092597 1.56183592 1.56215431
0.33941125 1.56073955 1.56122161
END
BEG
0.00000000 1.71215929 1.71186480
-0.00848528 1.71182405 1.71140113
-0.01697056 1.71044399 1.71007429
-0.02545584 1.70872592 1.70822828
-0.03394113 1.70640865 1.70592661
-0.04242641 1.70377260 1.70320074
-0.05091169 1.70010788 1.69956499
-0.05939697 1.69565315 1.69523135
-0.06788225 1.69083851 1.69037290
-0.07636753 1.68548304 1.68527325
-0.08485281 1.68010502 1.67977017
-0.09333810 1.67390721 1.67394351
-0.10182338 1.66813473 1.66798882
-0.11030866 1.66193572 1.66212788
-0.11879394 1.65641360 1.65635620
-0.12727922 1.65034368 1.65055441
-0.13576450 1.64481640 1.64479741
-0.14424978 1.63892136 1.63918298
-0.15273506 1.63367335 1.63369352
-0.16122035 1.62788948 1.62820578
-0.16970563 1.62268082 1.62279454
-0.17819091 1.61725516 1.61763770
-0.18667619 1.61255921 1.61277242
-0.19516147 1.60771978 1.60816395
-0.20364675 1.60331572 1.60365302
-0.21213203 1.59895481 1.59946834
-0.22061732 1.59526711 1.59575972
-0.22910260 1.59210349 1.59265659
-0.23758788 1.58910932 1.58967395
-0.24607316 1.58629333 1.58691835
-0.25455844 1.58392062 1.58468825
-0.26304372 1.58281314 1.58337504
-0.27152900 1.58177032 1.58233632
-0.28001429 1.58084750 1.58132267
-0.28849957 1.57988872 1.58038932
-0.29698485 1.57960138 1.57995683
-0.30547013 1.57928992 1.57961905
-0.31395541 1.57899576 1.57925168
-0.32244069 1.57860871 1.57887705
-0.33092597 1.57858062 1.57877834
-0.33941125 1.57864827 1.57888901
0.00848528 1.71236529 1.71199903
0.01697056 1.71213676 1.71183492
0.02545584 1.71177740 1.71133993
0.03394113 1.71036550 1.70997796
0.04242641 1.70861030 1.70809404
0.05091169 1.70624955 1.70575340
0.05939697 1.70356631 1.70299218
0.06788225 1.69987789 1.69933465
0.07636753 1.69541135 1.69500512
0.08485281 1.69064326 1.69020121
0.09333810 1.68536307 1.68519053
0.10182338 1.68007916 1.67978683
0.11030866 1.67400319 1.67407684
0.11879394 1.66838155 1.66826698
0.12727922 1.66237543 1.66255725
0.13576450 1.65695672 1.65689426
0.14424978 1.65093995 1.65115395
0.15273506 1.64543294 1.64541894
0.16122035 1.63953765 1.63980846
0.16970563 1.63429621 1.63432370
0.17819091 1.62852606 1.62884636
0.18667619 1.62330494 1.62342198
0.19516147 1.61782989 1.61821643
0.20364675 1.61309509 1.61330924
0.21213203 1.60822676 1.60866868
0.22061732 1.60377781 1.60410700
0.22910260 1.59932057 1.59983285
0.23758788 1.59554034 1.59602284
0.24607316 1.59226178 1.59280814
0.25455844 1.58914841 1.58970059
0.26304372 1.58618753 1.58681535
0.27152900 1.58369778 1.58447883
0.28001429 1.58252464 1.58309686
0.28849957 1.58144277 1.58202943
0.29698485 1.58054566 1.58102920
0.30547013 1.57962330 1.58012763
0.31395541 1.57936985 1.57972580
0.32244069 1.57909499 1.57942062
0.33092597 1.57884639 1.57909595
0.33941125 1.57850699 1.57876568
0.34789654 1.57851344 1.57870048
0.35638182 1.57860765 1.57883041
END
BEG
0.00000000 1.72877714 1.72857728
-0.00848528 1.72905150 1.72874462
-0.01697056 1.72870483 1.72850244
-0.02545584 1.72823356 1.72792615
-0.03394113 1.72665426 1.72646366
-0.04242641 1.72480910 1.72458804
-0.05091169 1.72258803 1.72244246
-0.05939697 1.72025244 1.72011076
-0.06788225 1.71723330 1.71712204
-0.07636753 1.71383217 1.71381738
-0.08485281 1.71053870 1.71049071
-0.09333810 1.70721899 1.70727337
-0.10182338 1.70377751 1.70374321
-0.11030866 1.69997083 1.70008165
-0.11879394 1.69669906 1.69668283
-0.12727922 1.69357205 1.69365739
-0.13576450 1.69069259 1.69063759
-0.14424978 1.68760402 1.68767180
-0.15273506 1.68517756 1.68512694
-0.16122035 1.68307093 1.68310147
-0.16970563 1.68136725 1.68131668
-0.17819091 1.67969534 1.67974282
-0.18667619 1.67864694 1.67866457
-0.19516147 1.67812671 1.67818676
-0.20364675 1.67802932 1.67810883
-0.21213203 1.67832854 1.67841791
-0.22061732 1.67912840 1.67928228
-0.22910260 1.68066192 1.68074512
-0.23758788 1.68246414 1.68263214
-0.24607316 1.68484729 1.68491251
-0.25455844 1.68751295 1.68765036
-0.26304372 1.69077159 1.69078538
-0.27152900 1.69405006 1.69409350
-0.28001429 1.69750300 1.69747066
-0.28849957 1.70104056 1.70096875
-0.29698485 1.70454828 1.70444254
-0.30547013 1.70791589 1.70770751
-0.31395541 1.71067993 1.71051678
-0.32244069 1.71338286 1.71308426
-0.33092597 1.71550116 1.71529141
-0.33941125 1.71740556 1.71708131
-0.34789654 1.71834401 1.71816887
-0.35638182 1.71897909 1.71880013
0.00848528 1.72837786 1.72807305
0.01697056 1.72685553 1.72667361
0.02545584 1.72507456 1.72486092
0.03394113 1.72290396 1.72277360
0.04242641 1.72062289 1.72049424
0.05091169 1.71762962 1.71754294
0.05939697 1.71426508 1.71427228
0.06788225 1.71098953 1.71097615
0.07636753 1.70769790 1.70778743
0.08485281 1.70425669 1.70426907
0.09333810 1.70045861 1.70062108
0.10182338 1.69719740 1.69724086
0.11030866 1.69409817 1.69424610
0.11879394 1.69123631 1.69125141
0.12727922 1.68817857 1.68831654
0.13576450 1.68579694 1.68582313
0.14424978 1.68375348 1.68385982
0.15273506 1.68211375 1.68214599
0.16122035 1.68050870 1.68063781
0.16970563 1.67953384 1.67963690
0.17819091 1.67908527 1.67923314
0.18667619 1.67905767 1.67922666
0.19516147 1.67940314 1.67958092
0.20364675 1.68026037 1.68049724
0.21213203 1.68182296 1.68198918
0.22061732 1.68364783 1.68388291
0.22910260 1.68598927 1.68611431
0.23758788 1.68862279 1.68879806
0.24607316 1.69180936 1.69186112
0.25455844 1.69502355 1.69508582
0.26304372 1.69834192 1.69832750
0.27152900 1.70176677 1.70170411
0.28001429 1.70515997 1.70506232
0.28849957 1.70843524 1.70823338
0.29698485 1.71109645 1.71093981
0.30547013 1.71370746 1.71341836
0.31395541 1.71574757 1.71554658
0.32244069 1.71758899 1.71727957
0.33092597 1.71846753 1.71831029
0.33941125 1.71905507 1.71890595
END
BEG
0.00000000 1.75521899 1.75479874
-0.00848528 1.75491472 1.75442164
-0.01697056 1.75281622 1.75256975
-0.02545584 1.75119592 1.75091328
-0.03394113 1.75052996 1.75029030
-0.04242641 1.74965775 1.74923296
-0.05091169 1.74678312 1.74665178
-0.05939697 1.74396595 1.74379082
-0.06788225 1.74209134 1.74204806
-0.07636753 1.74076139 1.74051006
-0.08485281 1.73774104 1.73772639
-0.09333810 1.73436162 1.73434346
-0.10182338 1.73178941 1.73190987
-0.11030866 1.73017246 1.73014442
-0.11879394 1.72756395 1.72765780
-0.12727922 1.72435942 1.72450728
-0.13576450 1.72173863 1.72197578
-0.14424978 1.72009205 1.72029575
-0.15273506 1.71833380 1.71853570
-0.16122035 1.71609069 1.71638653
-0.16970563 1.71420392 1.71453056
-0.17819091 1.71300239 1.71339237
-0.18667619 1.71238156 1.71270972
-0.19516147 1.71180408 1.71218180
-0.20364675 1.71144737 1.71181778
-0.21213203 1.71134306 1.71177931
-0.22061732 1.71188070 1.71230246
-0.22910260 1.71315739 1.71348249
-0.23758788 1.71463234 1.71494695
-0.24607316 1.71602988 1.71625922
-0.25455844 1.71732829 1.71765478
-0.26304372 1.71955829 1.71967350
-0.27152900 1.72200236 1.72210538
-0.28001429 1.72425779 1.72413994
-0.28849957 1.72560869 1.72559712
-0.29698485 1.72724693 1.72709622
-0.30547013 1.72908216 1.72891781
-0.31395541 1.73080148 1.73048351
-0.32244069 1.73154860 1.73124957
-0.33092597 1.73170766 1.73151038
-0.33941125 1.73196769 1.73188529
0.00848528 1.75441536 1.75410622
0.01697056 1.75440988 1.75410041
0.02545584 1.75520398 1.75478392
0.03394113 1.75489253 1.75439946
0.04242641 1.75278348 1.75253646
0.05091169 1.75115502 1.75087111
0.05939697 1.75048743 1.75024693
0.06788225 1.74961212 1.74918573
0.07636753 1.74672788 1.74659531
0.08485281 1.74390484 1.74372778
0.09333810 1.74203634 1.74199115
0.10182338 1.74070807 1.74045399
0.11030866 1.73767471 1.73765793
0.11879394 1.73428648 1.73426505
0.12727922 1.73171962 1.73183624
0.13576450 1.73010658 1.73007362
0.14424978 1.72748392 1.72757445
0.15273506 1.72426401 1.72440876
0.16122035 1.72164198 1.72187582
0.16970563 1.71999648 1.72019566
0.17819091 1.71822324 1.71842180
0.18667619 1.71596065 1.71625393
0.19516147 1.71406442 1.71438814
0.20364675 1.71285869 1.71324533
0.21213203 1.71223041 1.71255535
0.22061732 1.71164337 1.71202001
0.22910260 1.71128496 1.71165430
0.23758788 1.71118174 1.71161796
0.24607316 1.71172315 1.71214526
0.25455844 1.71300720 1.71333308
0.26304372 1.71449496 1.71481070
0.27152900 1.71590806 1.71613665
0.28001429 1.71721557 1.71754248
0.28849957 1.71945779 1.71957270
0.29698485 1.72191927 1.72202195
0.30547013 1.72419363 1.72407369
0.31395541 1.72555309 1.72554011
0.32244069 1.72719964 1.72704766
0.33092597 1.72904758 1.72888252
0.33941125 1.73078028 1.73046099
0.34789654 1.73153249 1.73123211
0.35638182 1.73169771 1.73149845
0.36486710 1.73196350 1.73187809
END
