BEG
0.00000000 1.70886001 1.70839307
-0.00600000 1.70880306 1.70837090
-0.01200000 1.70856121 1.70830496
-0.01800000 1.70817499 1.70819667
-0.02400000 1.70800533 1.70804736
-0.03000000 1.70794851 1.70785845
-0.03600000 1.70783773 1.70763103
-0.04200000 1.70753626 1.70736582
-0.04800000 1.70675324 1.70706508
-0.05400000 1.70586859 1.70673093
-0.06000000 1.70551427 1.70636435
-0.06600000 1.70533606 1.70596535
-0.07200000 1.70509072 1.70553279
-0.07800000 1.70451707 1.70506505
-0.08400000 1.70349760 1.70456142
-0.09000000 1.70284463 1.70401999
-0.09600000 1.70257310 1.70343824
-0.10200000 1.70230574 1.70281325
-0.10800000 1.70180799 1.70214176
-0.11400000 1.70067017 1.70142247
-0.12000000 1.69935693 1.70065516
-0.12600000 1.69875061 1.69984034
-0.13200000 1.69839231 1.69897986
-0.13800000 1.69792664 1.69807669
-0.14400000 1.69687015 1.69713583
-0.15000000 1.69480912 1.69616354
-0.15600000 1.69328911 1.69516741
-0.16200000 1.69266508 1.69415669
-0.16800000 1.69222175 1.69314091
-0.17400000 1.69154790 1.69212959
-0.18000000 1.68996045 1.69113316
-0.18600000 1.68792189 1.69016304
-0.19200000 1.68694762 1.68923114
-0.19800000 1.68651019 1.68834751
-0.20400000 1.68608711 1.68752117
-0.21000000 1.68520512 1.68676092
-0.21600000 1.68345160 1.68607547
-0.22200000 1.68218259 1.68547413
-0.22800000 1.68175733 1.68496406
-0.23400000 1.68156847 1.68454973
-0.24000000 1.68141866 1.68423433
-0.24600000 1.68128317 1.68402094
-0.25200000 1.68127167 1.68391274
0.00600000 1.70880306 1.70837090
0.01200000 1.70856121 1.70830496
0.01800000 1.70817499 1.70819667
0.02400000 1.70800533 1.70804736
0.03000000 1.70794851 1.70785845
0.03600000 1.70783773 1.70763103
0.04200000 1.70753626 1.70736582
0.04800000 1.70675324 1.70706508
0.05400000 1.70586859 1.70673093
0.06000000 1.70551427 1.70636435
0.06600000 1.70533606 1.70596535
0.07200000 1.70509072 1.70553279
0.07800000 1.70451707 1.70506505
0.08400000 1.70349760 1.70456142
0.09000000 1.70284463 1.70401999
0.09600000 1.70257310 1.70343824
0.10200000 1.70230574 1.70281325
0.10800000 1.70180799 1.70214176
0.11400000 1.70067017 1.70142247
0.12000000 1.69935693 1.70065516
0.12600000 1.69875061 1.69984034
0.13200000 1.69839231 1.69897986
0.13800000 1.69792664 1.69807669
0.14400000 1.69687015 1.69713583
0.15000000 1.69480912 1.69616354
0.15600000 1.69328911 1.69516741
0.16200000 1.69266508 1.69415669
0.16800000 1.69222175 1.69314091
0.17400000 1.69154790 1.69212959
0.18000000 1.68996045 1.69113316
0.18600000 1.68792189 1.69016304
0.19200000 1.68694762 1.68923114
0.19800000 1.68651019 1.68834751
0.20400000 1.68608711 1.68752117
0.21000000 1.68520512 1.68676092
0.21600000 1.68345160 1.68607547
0.22200000 1.68218259 1.68547413
0.22800000 1.68175733 1.68496406
0.23400000 1.68156847 1.68454973
0.24000000 1.68141866 1.68423433
0.24600000 1.68128317 1.68402094
0.25200000 1.68127167 1.68391274
END
BEG
0.00000000 1.72052121 1.72051914
-0.00600000 1.72036117 1.72045028
-0.01200000 1.71964978 1.72024560
-0.01800000 1.71837664 1.71991070
-0.02400000 1.71766599 1.71945355
-0.03000000 1.71740797 1.71888381
-0.03600000 1.71711067 1.71821349
-0.04200000 1.71648392 1.71745844
-0.04800000 1.71500756 1.71663397
-0.05400000 1.71334182 1.71575493
-0.06000000 1.71261584 1.71483630
-0.06600000 1.71221859 1.71389243
-0.07200000 1.71172428 1.71294006
-0.07800000 1.71064703 1.71199645
-0.08400000 1.70864793 1.71107585
-0.09000000 1.70725866 1.71019240
-0.09600000 1.70673484 1.70935967
-0.10200000 1.70640332 1.70859122
-0.10800000 1.70596683 1.70790318
-0.11400000 1.70505998 1.70730802
-0.12000000 1.70398773 1.70681534
-0.12600000 1.70352450 1.70643427
-0.13200000 1.70338089 1.70617221
-0.13800000 1.70335483 1.70603276
-0.14400000 1.70352068 1.70601800
-0.15000000 1.70404197 1.70612801
-0.15600000 1.70451073 1.70636035
-0.16200000 1.70474342 1.70671062
-0.16800000 1.70496061 1.70717064
-0.17400000 1.70540650 1.70772851
-0.18000000 1.70668531 1.70837104
-0.18600000 1.70848423 1.70908135
-0.19200000 1.70938889 1.70984068
-0.19800000 1.70980842 1.71063105
-0.20400000 1.71026235 1.71143007
-0.21000000 1.71140165 1.71221476
-0.21600000 1.71396470 1.71296257
-0.22200000 1.71596912 1.71365064
-0.22800000 1.71665094 1.71425933
-0.23400000 1.71689974 1.71477086
-0.24000000 1.71701183 1.71516888
-0.24600000 1.71705533 1.71544129
-0.25200000 1.71711906 1.71557968
0.00600000 1.72036117 1.72045028
0.01200000 1.71964978 1.72024560
0.01800000 1.71837664 1.71991070
0.02400000 1.71766599 1.71945355
0.03000000 1.71740797 1.71888381
0.03600000 1.71711067 1.71821349
0.04200000 1.71648392 1.71745844
0.04800000 1.71500756 1.71663397
0.05400000 1.71334182 1.71575493
0.06000000 1.71261584 1.71483630
0.06600000 1.71221859 1.71389243
0.07200000 1.71172428 1.71294006
0.07800000 1.71064703 1.71199645
0.08400000 1.70864793 1.71107585
0.09000000 1.70725866 1.71019240
0.09600000 1.70673484 1.70935967
0.10200000 1.70640332 1.70859122
0.10800000 1.70596683 1.70790318
0.11400000 1.70505998 1.70730802
0.12000000 1.70398773 1.70681534
0.12600000 1.70352450 1.70643427
0.13200000 1.70338089 1.70617221
0.13800000 1.70335483 1.70603276
0.14400000 1.70352068 1.70601800
0.15000000 1.70404197 1.70612801
0.15600000 1.70451073 1.70636035
0.16200000 1.70474342 1.70671062
0.16800000 1.70496061 1.70717064
0.17400000 1.70540650 1.70772851
0.18000000 1.70668531 1.70837104
0.18600000 1.70848423 1.70908135
0.19200000 1.70938889 1.70984068
0.19800000 1.70980842 1.71063105
0.20400000 1.71026235 1.71143007
0.21000000 1.71140165 1.71221476
0.21600000 1.71396470 1.71296257
0.22200000 1.71596912 1.71365064
0.22800000 1.71665094 1.71425933
0.23400000 1.71689974 1.71477086
0.24000000 1.71701183 1.71516888
0.24600000 1.71705533 1.71544129
0.25200000 1.71711906 1.71557968
END
BEG
0.00000000 1.72499114 1.72961138
-0.00600000 1.72502576 1.72966387
-0.01200000 1.72530109 1.72982066
-0.01800000 1.72626632 1.73007727
-0.02400000 1.72724978 1.73042667
-0.03000000 1.72769238 1.73086057
-0.03600000 1.72792209 1.73136832
-0.04200000 1.72817475 1.73193906
-0.04800000 1.72894034 1.73256261
-0.05400000 1.73034279 1.73322828
-0.06000000 1.73122932 1.73392687
-0.06600000 1.73163400 1.73465013
-0.07200000 1.73190376 1.73538800
-0.07800000 1.73233413 1.73613221
-0.08400000 1.73353937 1.73687746
-0.09000000 1.73482029 1.73761804
-0.09600000 1.73543398 1.73834807
-0.10200000 1.73573901 1.73905927
-0.10800000 1.73599286 1.73973926
-0.11400000 1.73670290 1.74037792
-0.12000000 1.73810099 1.74096490
-0.12600000 1.73898360 1.74148700
-0.13200000 1.73931149 1.74192901
-0.13800000 1.73943767 1.74227609
-0.14400000 1.73964127 1.74251386
-0.15000000 1.74057365 1.74262841
-0.15600000 1.74162494 1.74260802
-0.16200000 1.74196388 1.74244395
-0.16800000 1.74188043 1.74213200
-0.17400000 1.74143452 1.74167504
-0.18000000 1.74044223 1.74108151
-0.18600000 1.73950617 1.74036756
-0.19200000 1.73911848 1.73955532
-0.19800000 1.73879522 1.73866818
-0.20400000 1.73825515 1.73773577
-0.21000000 1.73683159 1.73679172
-0.21600000 1.73385042 1.73587040
-0.22200000 1.73164355 1.73500711
-0.22800000 1.73089794 1.73423356
-0.23400000 1.73059687 1.73357705
-0.24000000 1.73042230 1.73306272
-0.24600000 1.73031334 1.73270983
-0.25200000 1.73025067 1.73253026
0.00600000 1.72502576 1.72966387
0.01200000 1.72530109 1.72982066
0.01800000 1.72626632 1.73007727
0.02400000 1.72724978 1.73042667
0.03000000 1.72769238 1.73086057
0.03600000 1.72792209 1.73136832
0.04200000 1.72817475 1.73193906
0.04800000 1.72894034 1.73256261
0.05400000 1.73034279 1.73322828
0.06000000 1.73122932 1.73392687
0.06600000 1.73163400 1.73465013
0.07200000 1.73190376 1.73538800
0.07800000 1.73233413 1.73613221
0.08400000 1.73353937 1.73687746
0.09000000 1.73482029 1.73761804
0.09600000 1.73543398 1.73834807
0.10200000 1.73573901 1.73905927
0.10800000 1.73599286 1.73973926
0.11400000 1.73670290 1.74037792
0.12000000 1.73810099 1.74096490
0.12600000 1.73898360 1.74148700
0.13200000 1.73931149 1.74192901
0.13800000 1.73943767 1.74227609
0.14400000 1.73964127 1.74251386
0.15000000 1.74057365 1.74262841
0.15600000 1.74162494 1.74260802
0.16200000 1.74196388 1.74244395
0.16800000 1.74188043 1.74213200
0.17400000 1.74143452 1.74167504
0.18000000 1.74044223 1.74108151
0.18600000 1.73950617 1.74036756
0.19200000 1.73911848 1.73955532
0.19800000 1.73879522 1.73866818
0.20400000 1.73825515 1.73773577
0.21000000 1.73683159 1.73679172
0.21600000 1.73385042 1.73587040
0.22200000 1.73164355 1.73500711
0.22800000 1.73089794 1.73423356
0.23400000 1.73059687 1.73357705
0.24000000 1.73042230 1.73306272
0.24600000 1.73031334 1.73270983
0.25200000 1.73025067 1.73253026
END
BEG
0.00000000 1.75799268 1.76172600
-0.00600000 1.75791803 1.76173041
-0.01200000 1.75768380 1.76174384
-0.01800000 1.75765446 1.76176602
-0.02400000 1.75800989 1.76179560
-0.03000000 1.75822031 1.76183056
-0.03600000 1.75824231 1.76186686
-0.04200000 1.75810987 1.76189845
-0.04800000 1.75797652 1.76192099
-0.05400000 1.75829492 1.76192977
-0.06000000 1.75864170 1.76191853
-0.06600000 1.75872828 1.76187979
-0.07200000 1.75863669 1.76180497
-0.07800000 1.75837991 1.76168630
-0.08400000 1.75832680 1.76151625
-0.09000000 1.75862446 1.76128769
-0.09600000 1.75873293 1.76099486
-0.10200000 1.75861006 1.76063328
-0.10800000 1.75823733 1.76020231
-0.11400000 1.75756483 1.75970465
-0.12000000 1.75714916 1.75914535
-0.12600000 1.75706350 1.75853344
-0.13200000 1.75687916 1.75788102
-0.13800000 1.75645693 1.75720280
-0.14400000 1.75532874 1.75651719
-0.15000000 1.75319952 1.75584293
-0.15600000 1.75180631 1.75519856
-0.16200000 1.75135894 1.75460197
-0.16800000 1.75109947 1.75406742
-0.17400000 1.75070783 1.75360636
-0.18000000 1.74985405 1.75322620
-0.18600000 1.74899093 1.75292889
-0.19200000 1.74874510 1.75271277
-0.19800000 1.74868735 1.75257231
-0.20400000 1.74862263 1.75249797
-0.21000000 1.74857536 1.75247843
-0.21600000 1.74892442 1.75250052
-0.22200000 1.74952483 1.75255080
-0.22800000 1.74980420 1.75261650
-0.23400000 1.74984356 1.75268492
-0.24000000 1.74969268 1.75274471
-0.24600000 1.74942526 1.75278763
-0.25200000 1.74954016 1.75280949
0.00600000 1.75791803 1.76173041
0.01200000 1.75768380 1.76174384
0.01800000 1.75765446 1.76176602
0.02400000 1.75800989 1.76179560
0.03000000 1.75822031 1.76183056
0.03600000 1.75824231 1.76186686
0.04200000 1.75810987 1.76189845
0.04800000 1.75797652 1.76192099
0.05400000 1.75829492 1.76192977
0.06000000 1.75864170 1.76191853
0.06600000 1.75872828 1.76187979
0.07200000 1.75863669 1.76180497
0.07800000 1.75837991 1.76168630
0.08400000 1.75832680 1.76151625
0.09000000 1.75862446 1.76128769
0.09600000 1.75873293 1.76099486
0.10200000 1.75861006 1.76063328
0.10800000 1.75823733 1.76020231
0.11400000 1.75756483 1.75970465
0.12000000 1.75714916 1.75914535
0.12600000 1.75706350 1.75853344
0.13200000 1.75687916 1.75788102
0.13800000 1.75645693 1.75720280
0.14400000 1.75532874 1.75651719
0.15000000 1.75319952 1.75584293
0.15600000 1.75180631 1.75519856
0.16200000 1.75135894 1.75460197
0.16800000 1.75109947 1.75406742
0.17400000 1.75070783 1.75360636
0.18000000 1.74985405 1.75322620
0.18600000 1.74899093 1.75292889
0.19200000 1.74874510 1.75271277
0.19800000 1.74868735 1.75257231
0.20400000 1.74862263 1.75249797
0.21000000 1.74857536 1.75247843
0.21600000 1.74892442 1.75250052
0.22200000 1.74952483 1.75255080
0.22800000 1.74980420 1.75261650
0.23400000 1.74984356 1.75268492
0.24000000 1.74969268 1.75274471
0.24600000 1.74942526 1.75278763
0.25200000 1.74954016 1.75280949
END
BEG
0.00000000 1.76919541 1.77052077
-0.00600000 1.76914173 1.77050237
-0.01200000 1.76895267 1.77044734
-0.01800000 1.76878891 1.77035603
-0.02400000 1.76884450 1.77022812
-0.03000000 1.76887080 1.77006293
-0.03600000 1.76879203 1.76985981
-0.04200000 1.76856241 1.76961948
-0.04800000 1.76809216 1.76934327
-0.05400000 1.76770844 1.76903239
-0.06000000 1.76758786 1.76868869
-0.06600000 1.76746720 1.76831449
-0.07200000 1.76723698 1.76791291
-0.07800000 1.76667521 1.76748883
-0.08400000 1.76568884 1.76704780
-0.09000000 1.76507021 1.76659534
-0.09600000 1.76483550 1.76613726
-0.10200000 1.76462252 1.76567875
-0.10800000 1.76419432 1.76522497
-0.11400000 1.76310478 1.76478152
-0.12000000 1.76180819 1.76435262
-0.12600000 1.76128313 1.76394135
-0.13200000 1.76107870 1.76354940
-0.13800000 1.76085978 1.76317691
-0.14400000 1.76039040 1.76282406
-0.15000000 1.75963036 1.76248955
-0.15600000 1.75924270 1.76217137
-0.16200000 1.75913311 1.76186804
-0.16800000 1.75899282 1.76157705
-0.17400000 1.75865287 1.76129599
-0.18000000 1.75789047 1.76102342
-0.18600000 1.75722950 1.76075881
-0.19200000 1.75709155 1.76050341
-0.19800000 1.75701839 1.76025868
-0.20400000 1.75682309 1.76002555
-0.21000000 1.75630136 1.75980612
-0.21600000 1.75555876 1.75960336
-0.22200000 1.75532667 1.75942117
-0.22800000 1.75533204 1.75926386
-0.23400000 1.75527366 1.75913419
-0.24000000 1.75508040 1.75903412
-0.24600000 1.75479924 1.75896582
-0.25200000 1.75488647 1.75893089
0.00600000 1.76914173 1.77050237
0.01200000 1.76895267 1.77044734
0.01800000 1.76878891 1.77035603
0.02400000 1.76884450 1.77022812
0.03000000 1.76887080 1.77006293
0.03600000 1.76879203 1.76985981
0.04200000 1.76856241 1.76961948
0.04800000 1.76809216 1.76934327
0.05400000 1.76770844 1.76903239
0.06000000 1.76758786 1.76868869
0.06600000 1.76746720 1.76831449
0.07200000 1.76723698 1.76791291
0.07800000 1.76667521 1.76748883
0.08400000 1.76568884 1.76704780
0.09000000 1.76507021 1.76659534
0.09600000 1.76483550 1.76613726
0.10200000 1.76462252 1.76567875
0.10800000 1.76419432 1.76522497
0.11400000 1.76310478 1.76478152
0.12000000 1.76180819 1.76435262
0.12600000 1.76128313 1.76394135
0.13200000 1.76107870 1.76354940
0.13800000 1.76085978 1.76317691
0.14400000 1.76039040 1.76282406
0.15000000 1.75963036 1.76248955
0.15600000 1.75924270 1.76217137
0.16200000 1.75913311 1.76186804
0.16800000 1.75899282 1.76157705
0.17400000 1.75865287 1.76129599
0.18000000 1.75789047 1.76102342
0.18600000 1.75722950 1.76075881
0.19200000 1.75709155 1.76050341
0.19800000 1.75701839 1.76025868
0.20400000 1.75682309 1.76002555
0.21000000 1.75630136 1.75980612
0.21600000 1.75555876 1.75960336
0.22200000 1.75532667 1.75942117
0.22800000 1.75533204 1.75926386
0.23400000 1.75527366 1.75913419
0.24000000 1.75508040 1.75903412
0.24600000 1.75479924 1.75896582
0.25200000 1.75488647 1.75893089
END
