BEG
0.00000000 1.70886001 1.70922152
-0.00600000 1.70881915 1.70919373
-0.01200000 1.70865264 1.70910763
-0.01800000 1.70839973 1.70895811
-0.02400000 1.70828092 1.70873353
-0.03000000 1.70819428 1.70841625
-0.03600000 1.70802421 1.70798542
-0.04200000 1.70766754 1.70741886
-0.04800000 1.70695478 1.70669598
-0.05400000 1.70627024 1.70579823
-0.06000000 1.70590188 1.70470820
-0.06600000 1.70544662 1.70341191
-0.07200000 1.70459191 1.70189722
-0.07800000 1.70235112 1.70015731
-0.08400000 1.69787546 1.69819728
-0.09000000 1.69459890 1.69602670
-0.09600000 1.69320866 1.69365937
-0.10200000 1.69210795 1.69111200
-0.10800000 1.69030376 1.68840058
-0.11400000 1.68599754 1.68554693
-0.12000000 1.68041644 1.68257574
-0.12600000 1.67758752 1.67950957
-0.13200000 1.67614250 1.67636954
-0.13800000 1.67468176 1.67317542
-0.14400000 1.67183660 1.66994503
-0.15000000 1.66620039 1.66669521
-0.15600000 1.66172453 1.66344191
-0.16200000 1.65974530 1.66020024
-0.16800000 1.65837903 1.65698578
-0.17400000 1.65647553 1.65381553
-0.18000000 1.65205070 1.65070877
-0.18600000 1.64607897 1.64768997
-0.19200000 1.64303090 1.64478648
-0.19800000 1.64164291 1.64202361
-0.20400000 1.64039775 1.63942533
-0.21000000 1.63790587 1.63701819
-0.21600000 1.63259742 1.63483252
-0.22200000 1.62835041 1.63290153
-0.22800000 1.62680482 1.63125285
-0.23400000 1.62619862 1.62990735
-0.24000000 1.62593140 1.62887880
-0.24600000 1.62585081 1.62818099
-0.25200000 1.62567690 1.62782742
0.00600000 1.70881915 1.70919373
0.01200000 1.70865264 1.70910763
0.01800000 1.70839973 1.70895811
0.02400000 1.70828092 1.70873353
0.03000000 1.70819428 1.70841625
0.03600000 1.70802421 1.70798542
0.04200000 1.70766754 1.70741886
0.04800000 1.70695478 1.70669598
0.05400000 1.70627024 1.70579823
0.06000000 1.70590188 1.70470820
0.06600000 1.70544662 1.70341191
0.07200000 1.70459191 1.70189722
0.07800000 1.70235112 1.70015731
0.08400000 1.69787546 1.69819728
0.09000000 1.69459890 1.69602670
0.09600000 1.69320866 1.69365937
0.10200000 1.69210795 1.69111200
0.10800000 1.69030376 1.68840058
0.11400000 1.68599754 1.68554693
0.12000000 1.68041644 1.68257574
0.12600000 1.67758752 1.67950957
0.13200000 1.67614250 1.67636954
0.13800000 1.67468176 1.67317542
0.14400000 1.67183660 1.66994503
0.15000000 1.66620039 1.66669521
0.15600000 1.66172453 1.66344191
0.16200000 1.65974530 1.66020024
0.16800000 1.65837903 1.65698578
0.17400000 1.65647553 1.65381553
0.18000000 1.65205070 1.65070877
0.18600000 1.64607897 1.64768997
0.19200000 1.64303090 1.64478648
0.19800000 1.64164291 1.64202361
0.20400000 1.64039775 1.63942533
0.21000000 1.63790587 1.63701819
0.21600000 1.63259742 1.63483252
0.22200000 1.62835041 1.63290153
0.22800000 1.62680482 1.63125285
0.23400000 1.62619862 1.62990735
0.24000000 1.62593140 1.62887880
0.24600000 1.62585081 1.62818099
0.25200000 1.62567690 1.62782742
END
BEG
0.00000000 1.72052121 1.72058956
-0.00600000 1.72036336 1.72050412
-0.01200000 1.71968065 1.72024983
-0.01800000 1.71850027 1.71983358
-0.02400000 1.71785519 1.71926541
-0.03000000 1.71758344 1.71855800
-0.03600000 1.71721802 1.71772649
-0.04200000 1.71640916 1.71678759
-0.04800000 1.71439158 1.71576053
-0.05400000 1.71195642 1.71466502
-0.06000000 1.71083857 1.71351842
-0.06600000 1.71030025 1.71233510
-0.07200000 1.70977417 1.71112923
-0.07800000 1.70887795 1.70991235
-0.08400000 1.70734648 1.70869189
-0.09000000 1.70620193 1.70747192
-0.09600000 1.70562663 1.70625378
-0.10200000 1.70512837 1.70503727
-0.10800000 1.70434438 1.70382400
-0.11400000 1.70255576 1.70261493
-0.12000000 1.70033589 1.70141134
-0.12600000 1.69927556 1.70021747
-0.13200000 1.69873427 1.69904026
-0.13800000 1.69810359 1.69788811
-0.14400000 1.69662192 1.69677312
-0.15000000 1.69358663 1.69570952
-0.15600000 1.69135929 1.69471254
-0.16200000 1.69058459 1.69379851
-0.16800000 1.69020311 1.69298070
-0.17400000 1.68978891 1.69226768
-0.18000000 1.68898296 1.69166650
-0.18600000 1.68803374 1.69117972
-0.19200000 1.68762530 1.69080565
-0.19800000 1.68749653 1.69053935
-0.20400000 1.68748457 1.69036935
-0.21000000 1.68777043 1.69028068
-0.21600000 1.68872039 1.69025694
-0.22200000 1.68956876 1.69028106
-0.22800000 1.68984888 1.69033563
-0.23400000 1.68990506 1.69040318
-0.24000000 1.68985757 1.69046701
-0.24600000 1.68975437 1.69051472
-0.25200000 1.68980690 1.69053955
0.00600000 1.72036336 1.72050412
0.01200000 1.71968065 1.72024983
0.01800000 1.71850027 1.71983358
0.02400000 1.71785519 1.71926541
0.03000000 1.71758344 1.71855800
0.03600000 1.71721802 1.71772649
0.04200000 1.71640916 1.71678759
0.04800000 1.71439158 1.71576053
0.05400000 1.71195642 1.71466502
0.06000000 1.71083857 1.71351842
0.06600000 1.71030025 1.71233510
0.07200000 1.70977417 1.71112923
0.07800000 1.70887795 1.70991235
0.08400000 1.70734648 1.70869189
0.09000000 1.70620193 1.70747192
0.09600000 1.70562663 1.70625378
0.10200000 1.70512837 1.70503727
0.10800000 1.70434438 1.70382400
0.11400000 1.70255576 1.70261493
0.12000000 1.70033589 1.70141134
0.12600000 1.69927556 1.70021747
0.13200000 1.69873427 1.69904026
0.13800000 1.69810359 1.69788811
0.14400000 1.69662192 1.69677312
0.15000000 1.69358663 1.69570952
0.15600000 1.69135929 1.69471254
0.16200000 1.69058459 1.69379851
0.16800000 1.69020311 1.69298070
0.17400000 1.68978891 1.69226768
0.18000000 1.68898296 1.69166650
0.18600000 1.68803374 1.69117972
0.19200000 1.68762530 1.69080565
0.19800000 1.68749653 1.69053935
0.20400000 1.68748457 1.69036935
0.21000000 1.68777043 1.69028068
0.21600000 1.68872039 1.69025694
0.22200000 1.68956876 1.69028106
0.22800000 1.68984888 1.69033563
0.23400000 1.68990506 1.69040318
0.24000000 1.68985757 1.69046701
0.24600000 1.68975437 1.69051472
0.25200000 1.68980690 1.69053955
END
BEG
0.00000000 1.72499114 1.72264123
-0.00600000 1.72490263 1.72256829
-0.01200000 1.72446798 1.72235125
-0.01800000 1.72350546 1.72199635
-0.02400000 1.72277808 1.72151255
-0.03000000 1.72243920 1.72091101
-0.03600000 1.72210999 1.72020533
-0.04200000 1.72142736 1.71941109
-0.04800000 1.71954283 1.71854466
-0.05400000 1.71704274 1.71762241
-0.06000000 1.71585655 1.71665909
-0.06600000 1.71533738 1.71566749
-0.07200000 1.71483313 1.71466125
-0.07800000 1.71377846 1.71365210
-0.08400000 1.71167425 1.71264836
-0.09000000 1.71010209 1.71165663
-0.09600000 1.70947431 1.71068224
-0.10200000 1.70905918 1.70973007
-0.10800000 1.70847574 1.70880559
-0.11400000 1.70718884 1.70791421
-0.12000000 1.70558956 1.70706118
-0.12600000 1.70482278 1.70625206
-0.13200000 1.70446153 1.70549267
-0.13800000 1.70410015 1.70478739
-0.14400000 1.70333235 1.70414045
-0.15000000 1.70179581 1.70355510
-0.15600000 1.70068399 1.70303322
-0.16200000 1.70030705 1.70257614
-0.16800000 1.70012791 1.70218227
-0.17400000 1.69996141 1.70184604
-0.18000000 1.69977408 1.70156204
-0.18600000 1.69972192 1.70132455
-0.19200000 1.69975550 1.70112790
-0.19800000 1.69972686 1.70096629
-0.20400000 1.69959883 1.70083282
-0.21000000 1.69920083 1.70072167
-0.21600000 1.69851486 1.70062871
-0.22200000 1.69819683 1.70055108
-0.22800000 1.69816275 1.70048783
-0.23400000 1.69812763 1.70043812
-0.24000000 1.69801137 1.70040018
-0.24600000 1.69783537 1.70037381
-0.25200000 1.69789309 1.70036005
0.00600000 1.72490263 1.72256829
0.01200000 1.72446798 1.72235125
0.01800000 1.72350546 1.72199635
0.02400000 1.72277808 1.72151255
0.03000000 1.72243920 1.72091101
0.03600000 1.72210999 1.72020533
0.04200000 1.72142736 1.71941109
0.04800000 1.71954283 1.71854466
0.05400000 1.71704274 1.71762241
0.06000000 1.71585655 1.71665909
0.06600000 1.71533738 1.71566749
0.07200000 1.71483313 1.71466125
0.07800000 1.71377846 1.71365210
0.08400000 1.71167425 1.71264836
0.09000000 1.71010209 1.71165663
0.09600000 1.70947431 1.71068224
0.10200000 1.70905918 1.70973007
0.10800000 1.70847574 1.70880559
0.11400000 1.70718884 1.70791421
0.12000000 1.70558956 1.70706118
0.12600000 1.70482278 1.70625206
0.13200000 1.70446153 1.70549267
0.13800000 1.70410015 1.70478739
0.14400000 1.70333235 1.70414045
0.15000000 1.70179581 1.70355510
0.15600000 1.70068399 1.70303322
0.16200000 1.70030705 1.70257614
0.16800000 1.70012791 1.70218227
0.17400000 1.69996141 1.70184604
0.18000000 1.69977408 1.70156204
0.18600000 1.69972192 1.70132455
0.19200000 1.69975550 1.70112790
0.19800000 1.69972686 1.70096629
0.20400000 1.69959883 1.70083282
0.21000000 1.69920083 1.70072167
0.21600000 1.69851486 1.70062871
0.22200000 1.69819683 1.70055108
0.22800000 1.69816275 1.70048783
0.23400000 1.69812763 1.70043812
0.24000000 1.69801137 1.70040018
0.24600000 1.69783537 1.70037381
0.25200000 1.69789309 1.70036005
END
BEG
0.00000000 1.75799268 1.75613207
-0.00600000 1.75782503 1.75599784
-0.01200000 1.75707893 1.75559564
-0.01800000 1.75565113 1.75493026
-0.02400000 1.75468981 1.75400678
-0.03000000 1.75418452 1.75282984
-0.03600000 1.75357478 1.75140825
-0.04200000 1.75233005 1.74975807
-0.04800000 1.74920502 1.74789547
-0.05400000 1.74526731 1.74583870
-0.06000000 1.74332589 1.74360867
-0.06600000 1.74225511 1.74122865
-0.07200000 1.74097512 1.73872865
-0.07800000 1.73805711 1.73614191
-0.08400000 1.73212032 1.73350261
-0.09000000 1.72762636 1.73084592
-0.09600000 1.72582819 1.72820708
-0.10200000 1.72466206 1.72562062
-0.10800000 1.72294646 1.72312025
-0.11400000 1.71876244 1.72073619
-0.12000000 1.71324916 1.71849359
-0.12600000 1.71063382 1.71641219
-0.13200000 1.70960948 1.71450568
-0.13800000 1.70889012 1.71277980
-0.14400000 1.70794763 1.71123481
-0.15000000 1.70645978 1.70986582
-0.15600000 1.70537956 1.70866355
-0.16200000 1.70488758 1.70761665
-0.16800000 1.70452494 1.70671001
-0.17400000 1.70404926 1.70592457
-0.18000000 1.70314740 1.70524423
-0.18600000 1.70218723 1.70465509
-0.19200000 1.70179745 1.70414616
-0.19800000 1.70162042 1.70370935
-0.20400000 1.70144485 1.70333266
-0.21000000 1.70117341 1.70300653
-0.21600000 1.70085450 1.70272651
-0.22200000 1.70072978 1.70249062
-0.22800000 1.70068859 1.70229888
-0.23400000 1.70063664 1.70214994
-0.24000000 1.70055559 1.70203871
-0.24600000 1.70045862 1.70196385
-0.25200000 1.70047284 1.70192595
0.00600000 1.75782503 1.75599784
0.01200000 1.75707893 1.75559564
0.01800000 1.75565113 1.75493026
0.02400000 1.75468981 1.75400678
0.03000000 1.75418452 1.75282984
0.03600000 1.75357478 1.75140825
0.04200000 1.75233005 1.74975807
0.04800000 1.74920502 1.74789547
0.05400000 1.74526731 1.74583870
0.06000000 1.74332589 1.74360867
0.06600000 1.74225511 1.74122865
0.07200000 1.74097512 1.73872865
0.07800000 1.73805711 1.73614191
0.08400000 1.73212032 1.73350261
0.09000000 1.72762636 1.73084592
0.09600000 1.72582819 1.72820708
0.10200000 1.72466206 1.72562062
0.10800000 1.72294646 1.72312025
0.11400000 1.71876244 1.72073619
0.12000000 1.71324916 1.71849359
0.12600000 1.71063382 1.71641219
0.13200000 1.70960948 1.71450568
0.13800000 1.70889012 1.71277980
0.14400000 1.70794763 1.71123481
0.15000000 1.70645978 1.70986582
0.15600000 1.70537956 1.70866355
0.16200000 1.70488758 1.70761665
0.16800000 1.70452494 1.70671001
0.17400000 1.70404926 1.70592457
0.18000000 1.70314740 1.70524423
0.18600000 1.70218723 1.70465509
0.19200000 1.70179745 1.70414616
0.19800000 1.70162042 1.70370935
0.20400000 1.70144485 1.70333266
0.21000000 1.70117341 1.70300653
0.21600000 1.70085450 1.70272651
0.22200000 1.70072978 1.70249062
0.22800000 1.70068859 1.70229888
0.23400000 1.70063664 1.70214994
0.24000000 1.70055559 1.70203871
0.24600000 1.70045862 1.70196385
0.25200000 1.70047284 1.70192595
END
BEG
0.00000000 1.76919541 1.76852878
-0.00600000 1.76910801 1.76846164
-0.01200000 1.76872432 1.76826016
-0.01800000 1.76801323 1.76792648
-0.02400000 1.76755450 1.76746184
-0.03000000 1.76731166 1.76686642
-0.03600000 1.76700192 1.76614070
-0.04200000 1.76635844 1.76528539
-0.04800000 1.76476446 1.76430330
-0.05400000 1.76278840 1.76319844
-0.06000000 1.76180715 1.76197377
-0.06600000 1.76122693 1.76063185
-0.07200000 1.76049962 1.75917535
-0.07800000 1.75886899 1.75760709
-0.08400000 1.75564173 1.75593375
-0.09000000 1.75319270 1.75416149
-0.09600000 1.75211094 1.75229623
-0.10200000 1.75127230 1.75034386
-0.10800000 1.74993989 1.74830940
-0.11400000 1.74675629 1.74620063
-0.12000000 1.74260695 1.74402694
-0.12600000 1.74051477 1.74179745
-0.13200000 1.73945411 1.73952187
-0.13800000 1.73835015 1.73720995
-0.14400000 1.73607651 1.73487233
-0.15000000 1.73150325 1.73252096
-0.15600000 1.72793958 1.73016884
-0.16200000 1.72643811 1.72783031
-0.16800000 1.72543386 1.72552007
-0.17400000 1.72401333 1.72325223
-0.18000000 1.72067827 1.72104329
-0.18600000 1.71623197 1.71891275
-0.19200000 1.71401929 1.71688095
-0.19800000 1.71304781 1.71496597
-0.20400000 1.71221358 1.71318334
-0.21000000 1.71065175 1.71154856
-0.21600000 1.70746538 1.71007869
-0.22200000 1.70496119 1.70879226
-0.22800000 1.70403902 1.70770324
-0.23400000 1.70365289 1.70682092
-0.24000000 1.70344939 1.70615022
-0.24600000 1.70334690 1.70569676
-0.25200000 1.70325274 1.70546732
0.00600000 1.76910801 1.76846164
0.01200000 1.76872432 1.76826016
0.01800000 1.76801323 1.76792648
0.02400000 1.76755450 1.76746184
0.03000000 1.76731166 1.76686642
0.03600000 1.76700192 1.76614070
0.04200000 1.76635844 1.76528539
0.04800000 1.76476446 1.76430330
0.05400000 1.76278840 1.76319844
0.06000000 1.76180715 1.76197377
0.06600000 1.76122693 1.76063185
0.07200000 1.76049962 1.75917535
0.07800000 1.75886899 1.75760709
0.08400000 1.75564173 1.75593375
0.09000000 1.75319270 1.75416149
0.09600000 1.75211094 1.75229623
0.10200000 1.75127230 1.75034386
0.10800000 1.74993989 1.74830940
0.11400000 1.74675629 1.74620063
0.12000000 1.74260695 1.74402694
0.12600000 1.74051477 1.74179745
0.13200000 1.73945411 1.73952187
0.13800000 1.73835015 1.73720995
0.14400000 1.73607651 1.73487233
0.15000000 1.73150325 1.73252096
0.15600000 1.72793958 1.73016884
0.16200000 1.72643811 1.72783031
0.16800000 1.72543386 1.72552007
0.17400000 1.72401333 1.72325223
0.18000000 1.72067827 1.72104329
0.18600000 1.71623197 1.71891275
0.19200000 1.71401929 1.71688095
0.19800000 1.71304781 1.71496597
0.20400000 1.71221358 1.71318334
0.21000000 1.71065175 1.71154856
0.21600000 1.70746538 1.71007869
0.22200000 1.70496119 1.70879226
0.22800000 1.70403902 1.70770324
0.23400000 1.70365289 1.70682092
0.24000000 1.70344939 1.70615022
0.24600000 1.70334690 1.70569676
0.25200000 1.70325274 1.70546732
END
